3301328
3301239
3301329
3301330
3302182
3306327
25193
30155
30156
25312
25314
25196
25197
25451
25453
25445
25447
25449
4117542
108027
402387
403912
403914
407067
3751580
53405
53406
26365
21864
21865
26366
21866
237768
3648498
110289
110290
49178
35360
93607
93608
155499
53441
54430
54431
49567
49569
433635
3505791
27347
32349
686731
495567
25209
30169
25328
25210
29984
68414
69366
23022
97071
97072
93633
93635
93637
98960
98961
94116
94118
97075
97076
93639
93641
98964
98965
94120
94122
97079
97080
93642
93644
98968
98969
94124
94126
97083
97084
93646
93648
93650
98972
98973
94129
94131
97087
97088
93652
93654
98976
98977
94132
94134
97092
97093
93655
93657
98980
98981
223551
221852
221854
220639
220640
220534
223555
220644
23792
28971
276471
441475
259942
259944
260232
260233
261079
261081
263440
263441
259946
259948
260236
260237
260238
261084
261086
263444
263445
259951
259953
260241
22495
22496
22497
22498
21926
27523
2365592
2365593
2366077
2369434
2366079
2369435
4249248
4248720
4252909
4768133
4768138
133816
44131
37657
39313
2281412
2281414
587639
117766
117765
5988903
94737
129325
284336
148216
175349
4118382
517566
481122
410800
410469
415235
410471
415234
410827
410494
411083
411117
410529
410522
411113
3003275
4152258
215738
1024228
1029288
1029289
1023954
1024270
1024615
1024616
1024230
1024232
1024234
1029292
1029293
1024273
1024275
1024619
1024620
1024236
1024238
1029296
1029297
1024277
1024279
1024623
1024624
1024239
1024241
1029300
1029301
1024281
1024283
1024627
1024628
1024658
1029308
1029309
1024642
1029316
1029317
1024298
1024300
1024645
1024646
1024261
1024263
1029320
1029321
1024301
1024303
1024649
1024650
1024265
1024267
1029324
1029325
1024305
1024307
1024309
1024653
1024654
1026468
1026470
1029328
1029329
1024311
1024313
1024657
6460702
6460698
9133
13712
13713
8536
102087
144969
148619
148620
144839
144841
144843
144686
144687
144972
393917
116224
417102
99627
101856
101858
105323
119646
112426
208889
209070
209072
213117
213118
208162
208164
208892
245256
74043
16441
16442
21461
16326
21462
16327
110871
1933233
1301656
278124
432969
1352962
1358230
1353629
54041
53708
567896
567897
3142299
3144976
2334197
2333832
2333833
2333327
2333841
323354
323355
200993
200089
4752560
525266
166842
58218
126577
59936
136103
3459463
64798
64799
252670
2933531
1718590
1722631
1147250
1148041
1146690
1141850
1141852
1147280
1141837
1147267
1147268
1147281
4229137
4228570
4233821
4229135
4228742
4228744
4228571
4228740
336302
515071
515072
518358
509768
509769
517583
517585
515076
518361
509773
509774
330867
56865
553503
4272060
92448
92449
525134
525136
28066
94226
294720
644191
644193
645768
645769
640649
640651
640653
640292
640293
644196
644198
645772
645773
640655
640657
640296
640297
4069122
4069124
4069446
4069447
4069389
4074204
4074205
4070075
4069454
4069455
4069393
4069395
4069465
4074216
5280064
1857595
389639
389379
389380
94540
94542
20964
20493
20030
20032
67503
72393
70739
3824344
3146034
105382
105380
78867
78869
77961
77962
77868
77870
82760
82761
142532
612313
1028002
1028003
1024429
1028016
1028017
1022678
1028020
1023740
1023742
1022684
1024445
1028021
1022682
1024441
1024442
1022680
1028006
1023730
1023728
1024430
1022668
1022666
1022672
1024433
1022673
1022675
1024437
1024438
1023735
1023737
1028015
1028011
1023731
1028007
1023733
1024434
1022670
1028012
1549286
1549287
589482
3067243
410668
410306
410308
410673
410670
410976
428372
4299821
4299822
10648
12825
15491
10480
427661
164170
143753
323394
323730
328329
328328
323728
324008
323722
323720
324001
324005
323389
328321
323999
323384
323717
323715
323995
323712
323375
328309
323366
323981
323368
328300
323977
323364
323402
324016
325464
323403
317886
3809336
6045792
6045793
6045798
3921880
3921683
393373
282043
282045
278808
278809
127936
10600
10431
27897
390380
390381
383452
383315
383317
618601
613571
613724
614468
613566
618593
613569
613716
613715
614458
614456
2799986
2799544
2805180
564261
3677686
11023
6316
11024
423356
561443
327920
620526
362103
3978193
3978010
3980143
3978199
5418656
5418657
105849
271682
4803
3860
5588
9672
4138351
4138904
322937
4437060
375114
370345
370988
370346
370989
370990
370991
370347
375113
5113
5115
2601
2602
245207
1194158
1193257
1193256
1198084
1194156
143765
143582
143584
142521
389589
578157
162815
162817
155005
616590
616592
384869
379721
381355
381357
384873
381234
379724
81036
81037
76337
76339
76180
76181
76488
76490
81040
81041
76340
76342
76185
76491
76493
81044
76343
76187
76188
76189
76496
76498
81047
81048
76346
76348
76192
76193
76500
76502
81051
81052
76197
76198
76356
76200
76509
18189
22896
48053
418055
105772
105773
108284
106174
142460
4528084
1189714
4002415
1390623
1390538
428103
433522
15721
500715
185958
216201
235307
235059
235305
525313
530016
525315
530017
279611
143761
1398183
99917
99919
104031
100101
100103
100361
100362
99921
104030
85233
216232
216234
216359
216360
216595
162607
161921
161923
167241
167242
162071
162073
162610
162611
161925
161927
167245
167246
162074
162076
162615
162616
161928
161930
167249
167250
162078
162080
162082
162619
162620
161933
161935
167253
161937
162622
6019136
269451
264591
264593
264991
264992
264064
264066
269456
269455
107072
111015
363458
363460
362100
362101
113574
620627
271495
328487
328489
333074
333075
328695
328697
329125
329126
329127
328492
328494
333078
333116
328737
333079
328700
328702
329130
329131
328496
328566
333149
333086
333087
329139
331607
137670
327653
330019
550457
545770
545772
545635
545636
545459
14601
6466
1635051
1633683
1635320
1635322
1635495
1635496
1635049
3574752
3574753
3571755
3571757
3569288
3571806
104664
109663
109664
542477
521443
154495
154208
154210
154117
154118
154503
154505
154214
154508
154217
154512
154220
154516
154224
154519
159415
154137
198559
1552812
1552813
1554756
23537
271136
271134
118723
2515017
2515016
105624
106304
21495
15838
15839
15840
15841
19345
21496
19346
21497
19344
137456
3567212
4092667
4360687
276114
279593
279594
103548
232208
231916
231917
324078
320439
324082
320763
320761
324108
324104
320622
324113
320769
320630
8664
73092
72936
73711
78110
4036228
4036227
4033240
710545
710378
710377
711459
711457
710547
714448
714447
710543
710541
714451
710391
68577
1188868
1187495
1187496
1192326
1188870
1188872
112106
112108
111621
53979
40398
211862
212775
212777
207221
207222
206553
206555
211865
211866
212779
212781
207225
207226
2174101
4257434
337334
169291
2335039
4098550
53620
53621
58941
54284
58942
54285
58943
54514
4047260
4041688
4041689
4042884
4047155
4042381
4041691
4041692
4042382
4047157
4042888
4041694
4041695
4042889
4047159
4041697
4042892
4042387
4047161
4042894
4041699
365100
6288144
455856
8574
11862
8576
393666
88773
331102
630671
54185
53949
381929
385758
385759
381812
381814
381551
381552
381921
381923
385754
385755
381807
381809
381547
381548
381925
381927
254114
141823
142229
142231
146787
146788
141746
141748
141826
141827
2647033
1731593
4171537
4168394
4171549
4168393
4167433
4167432
121293
126023
126024
121154
121156
121401
121304
126035
69320
69321
194180
1904476
1899695
1899667
1902689
3438713
4371618
101854
542450
542451
536966
536968
4033383
4034263
4034264
423845
427195
427196
424315
424327
429092
423336
423847
423345
424317
423349
424329
429091
423858
423337
423851
423849
429083
423856
424320
424322
423346
423340
423341
423853
423855
429087
429088
424323
424325
429084
2651195
2800044
2800049
2805227
281776
149319
4272216
4267549
46508
80201
80202
82455
83948
82456
83949
82457
238001
209245
206060
206062
206878
206879
205914
205916
209248
206074
335612
1637562
3221264
4018921
6046528
223586
193600
193602
194175
194176
194177
193120
193122
196375
196376
193605
6386862
3174661
261193
131800
131802
334727
2015641
2019805
2015642
2015811
2015812
2019964
2015644
2015643
2019963
2015813
2015920
2015921
3137064
3141660
3141659
3136178
3136176
3136174
3159417
3159418
4168927
330865
86816
3207372
3207373
3205009
3205011
3197610
22461
22462
22463
21890
27488
21891
33328
33329
25971
25973
69404
68105
68107
68109
72799
363470
245293
162091
162628
162629
241485
419601
274999
5928485
5928486
36661
41039
41040
36021
36023
35703
35704
35705
36664
36666
41043
4104

36026
36028
35708
35709
36668
36670
41047
41048
36029
36031
35713
35714
36671
36673
41051
41052
36033
95616
98300
98301
94312
95619
95621
98304
98305
93144
93139
93141
94310
94311
4083134
29916
13261
7297
7929
7927
8861
7295
13250
8860
536697
164606
21995
21997
143523
606990
209550
510090
354095
358606
823310
818860
818859
818858
818857
823309
818458
822994
818457
818211
818463
818212
818213
818214
818459
823312
823316
818218
818217
818216
818215
823315
818462
823314
818461
818460
823313
818861
818862
818863
818864
818865
287658
287660
287350
287351
282344
665008
3881152
169361
656232
19485
96416
583347
1731636
1731637
1732009
1736928
1732011
1731858
1731856
1731633
1731632
1736927
334993
339833
334994
339834
336520
58750
56847
390619
390626
390618
390789
390787
390780
390785
390778
388163
388155
388162
388154
390164
390623
390622
390166
390158
390783
390781
388159
388158
390162
390156
383550
383549
383708
388151
390160
388150
390171
390153
388166
390151
388167
383545
390791
383544
390793
383706
390630
383704
390631
388147
390172
388146
390174
390150
388171
390148
388172
383540
390794
383539
390796
383703
390634
383701
390635
388143
390176
388142
390178
390146
388175
383393
388176
383536
388177
383535
390799
383534
390801
383698
390638
383696
390639
388139
390181
388138
390183
388180
383390
383388
388181
383531
390803
383530
390805
383694
390642
383692
390643
390184
388135
390186
388134
388185
388186
383548
383387
390806
383385
383527
390808
390646
390169
390647
390627
390775
399012
52392
60222
175510
172574
172217
172218
172251
172253
175514
175515
172575
172577
172221
172222
172255
172257
175518
175519
175520
172580
172582
172225
172226
172260
172262
12150
12151
13849
13851
123701
110052
110053
110054
114955
110639
114956
110640
113372
113373
113374
113375
113376
114957
110641
114958
110642
110055
110331
110330
110329
79928
14169
210079
567650
567248
567249
567228
567230
96978
401585
73083
4022491
81933
2965799
2965801
2965550
2965551
2965643
2965645
2970792
2970793
2965803
2965805
2965554
2965555
2965556
2965648
2965650
2970796
2970797
2965808
2965810
2965559
2965560
2965652
2965654
2970800
2970801
2965811
2965813
2965564
2965565
2965655
2965657
2970804
2970805
2965815
2965817
2965819
2965568
2965569
2965660
2965662
94655
133154
49035
2907681
2189103
1796214
424100
424098
427567
427566
326876
326877
326044
326046
329992
329993
325809
325811
326880
103857
556629
5987370
545616
30377
29147
198079
858405
6544
429378
343057
596722
354081
353831
358598
101526
142733
2443086
1216579
1216580
1216581
78926
78927
630783
103135
41238
41239
3292174
3292173
3289931
3289929
3296326
3296325
418048
422655
119882
137819
6565869
6565870
6565881
385666
385667
5764405
587733
587734
583361
134769
4205625
144965
579587
579590
579957
580754
584995
579592
584994
581060
580755
581058
584998
580750
580751
579953
579955
580271
580272
579946
579948
584986
584987
579581
579583
580746
580747
579949
579951
584990
584991
579585
985961
3890259
3132310
331304
648233
3298420
1853281
1853501
549276
544780
5321115
5321116
5321122
5321125
5321126
5321127
5321129
5321132
5321133
5321134
5321135
3442765
377855
486599
484075
484073
481823
481822
484361
484072
484359
486596
486595
486600
1731803
1691948
1691950
1373517
1373519
15966
17052
278333
278334
649031
4274146
4269574
4269455
4269456
4269457
4269575
4274147
4269576
4274148
4270015
4270016
4270017
4270018
4274149
4269577
4274150
4269578
4269458
4270087
4270088
4270089
4270090
4274151
4269579
4274152
4269580
4270019
4270020
4270021
566203
1674775
4240859
4222274
3114366
72821
93912
93913
92992
98162
98163
93305
93307
93916
93917
92994
92990
37444
43370
2686959
2686642
382692
19269
143089
4177382
4181640
4177383
4177963
4177964
4177965
4177966
335118
168965
204703
207711
209596
204701
204324
204325
398460
394490
394662
394663
394539
394541
399610
399611
396123
396125
394661
394667
396584
396586
399614
399615
396126
394672
396587
396589
396130
396132
396134
396594
399622
399623
396136
396138
396596
396598
396141
394684
396600
399630
396146
396605
394529
394527
399599
399598
394855
396113
394653
396607
399635
399636
396148
398461
394521
424558
246409
4265143
4265144
2064908
2064909
106264
90016
84912
84704
86391
84917
90023
86396
84921
139798
134890
1885128
1883785
1883787
1889217
1889218
1884803
1889222
1884807
1884809
1885135
1885136
1883790
1883792
1889225
1889226
1884811
1884813
1885139
1883794
1883796
1883798
1889229
1889230
1884816
1884818
1885143
1885144
1883800
1883802
1889233
1889234
1884819
1884821
1885148
1885149
1883803
1883805
1889238
1884823
105850
105851
378150
85887
90054
85888
86425
86426
133427
3342005
3342004
3823377
217152
326411
136026
3285772
384663
527657
130032
128720
128721
129716
133682
129714
130034
130036
133683
128724
19696
19697
15147
15149
14712
913600
913599
913220
913218
917986
917985
913377
913375
913595
913594
913217
913215
917982
917981
913373
913371
913369
913591
913590
913212
913210
916251
916250
913367
913365
913587
913586
913208
913206
916247
916246
913364
913362
912013
912012
913204
143124
34630
284454
285380
284906
284305
284456
285381
284309
284308
284908
366251
14522
14523
9348
9350
9044
1731995
1731994
1736911
1731996
1731619
1736910
1731620
350527
351732
21436
2945145
2945144
2949955
1903354
1898993
138811
682642
686751
681636
289702
289701
289828
357699
19971
24983
20441
20443
20912
20913
19974
19976
24987
24984
20439
22762
4780984
647638
643981
643982
276415
120174
122988
116424
116425
116426
116427
274826
2649257
2653351
241179
239584
239586
240696
240697
236118
241183
241184
239587
239589
235959
236598
236599
236101
236103
241164
241165
235961
235963
240684
240685
236104
236106
241169
241170
235964
235966
240688
240689
236108
236110
241173
241174
241175
235969
235971
240692
240693
236113
236115
241178
240906
4158761
1628376
1628378
24349
4022386
433264
380376
111498
428229
6470116
6470118
6470120
6470122
6470124
6470126
6470128
6470130
6470132
6470565
6470567
6470138
6470140
6470142
6470144
6470284
6470286
6470150
6470152
6470154
6470156
6470158
6470160
6470288
6470290
6470292
6470569
6470296
6470298
6470300
6470302
6470304
6470306
6470308
6470310
6470312
6470314
6470316
6470318
6470320
6470322
6470324
6470326
6470328
6470571
6470573
6470575
487594
2936759
3755367
258515
257947
184592
1636688
3748266
161141
164784
164783
162261
162262
325220
325221
523464
27331
27332
27333
26749
30291
349906
672184
3906560
74074
1190474
1190479
1185927
1185929
1190478
1185931
1187626
1185333
1185925
1185329
1190475
1185330
1185923
1187624
25015
673558
660742
3004949
525029
20796
3744493
3744229
3744314
3744233
359830
361942
3440734
3436417
3436281
17893
326989
1830178
1830180
1830368
212963
279087
279088
4025821
578088
6078111
263203
123013
5436217
408566
460338
4412373
490116
495260
495261
495262
415825
85274
599397
1886316
1887172
1887173
1886901
876297
876296
876295
879193
876538
879192
876537
876151
876150
876149
876148
876536
879191
876535
879190
876294
876293
876292
876291
879189
876534
879188
876533
879187
876147
876146
876145
876144
879186
876532
879185
874333
876290
876289
876288
876287
874332
879184
874331
879183
876143
876142
876141
876140
876139
874330
879182
874329
879181
876286
876285
876284
876283
879180
874328
879179
874327
876138
876137
876136
876135
874326
879178
874325
879177
876282
876281
876280
876279
876278
874324
879176
874323
879175
876134
876133
876132
876131
879174
874322
879173
874321
876277
876276
876275
876274
874320
879172
874319
879171
876130
876129
876128
876127
876126
874318
879170
874317
879169
876273
876272
876271
876270
879168
874316
879167
874315
876125
876124
876123
876122
874314
879166
874313
879165
874312
876269
876268
876267
876266
874311
879164
874310
879163
876121
876120
876119
876118
879162
874309
879161
874308
876265
876264
876263
876262
874307
879160
874306
879159
876298
82539
81701
81703
86867
24931
129312
502653
219944
32990
52348
57500
57501
391082
396914
396915
423687
427650
427643
424178
424180
423197
423201
424183
424185
423677
423685
427647
423681
423683
427646
423675
423198
194314
198080
389459
1166262
381362
381364
384877
384878
381240
381242
379730
379731
72559
72560
72561
72562
76058
106345
106333
106334
105655
105657
110728
110729
19
13
2
198081
263932
25121
314827
313869
313871
317837
317838
314353
314355
314823
314824
314828
317843
317842
317841
314357
314359
313874
313876
3235911
171250
171251
171252
171253
175444
172148
175445
171402
171403
171404
171405
172150
175446
172151
175447
172149
107886
46670
100988
1885375
1892667
234104
133351
328101
443851
498288
455342
455344
455697
455698
227712
235201
237382
237383
234518
234520
234640
234641
235202
235204
239114
239115
234521
234523
793144
428655
6454575
86814
3558953
112185
112187
220604
1636170
1631535
196422
196424
196754
196755
178659
178661
183895
183896
196426
196428
196758
196759
178664
183899
183900
196430
196432
196762
196763
196764
196565
196567
183903
183904
196435
469543
394026
388231
408766
2892266
303849
303850
303790
303792
308533
308534
303572
303574
303854
303855
50837
47421
48059
218689
218690
728865
728844
729018
734303
729021
729227
728848
729229
733186
729009
729240
728859
729006
728835
729213
728852
729223
729225
729031
729234
729025
1882810
491411
3689545
90582
3144974
602449
924757
919513
919585
919511
919366
924764
924765
919520
919522
919593
919594
15397
12740
350081
2510409
5987325
5987328
5987330
392794
395639
229402
229404
216450
216451
216329
216331
216333
220983
220984
229407
229409
216454
216455
216335
216337
220987
220988
229411
229413
216458
216459
216338
216340
220991
220992
229415
229417
216462
216463
216342
216344
216346
220995
220996
229420
229422
216466
216467
229065
229067
220999
221000
229423
229425
77222
81299
81300
1255361
559765
559767
564914
564915
155750
144699
396341
396343
399537
399538
394988
394990
146242
595662
599388
1638166
1638726
1638727
1638065
1638067
1637315
1637316
2193767
2193766
2189010
2189008
2189140
72555
72556
72557
72558
382619
394874
60020
54739
60021
3348463
142169
117647
26918
26920
28322
469123
451495
451489
456237
451487
451744
451745
453687
453689
456240
456241
451491
451493
451748
453690
451749
453692
456715
499594
499596
499598
502579
502580
499120
499122
497278
497279
499600
499602
502583
502584
499123
499125
497283
512249
150144
660496
660497
662018
662020
665023
665024
661790
661792
661285
661286
665029
662021
662023
665028
512275
108030
3207248
161645
110879
3450849
204677
2330550
97776
98119
98120
98121
98122
97777
102647
97778
102648
97779
97324
97325
97326
97327
97780
102649
2794423
682936
3297649
3022320
408437
407647
407645
408549
408548
411303
408439
407649
411304
407651
408552
408553
408440
408442
411308
411309
407652
407654
408556
408557
408444
408446
411312
411313
411314
407657
11135
153206
129251
77676
354529
277664
277208
277209
124063
124065
129103
129104
124058
124060
123840
123841
124386
124388
129107
129108
129109
6272
409583
862723
857668
325807
278782
278783
82597
76979
76981
76699
76700
258620
255002
3062872
28428
3145587
87752
447684
3260156
2337388
2333160
2333277
2333279
2337389
2334160
3312408
3311831
3311833
3312157
3312158
3312159
3312160
3311834
3315359
3311835
3315357
3311832
3315358
3315360
3312409
3312410
475933
3411634
3407740
3407741
3407742
3407743
3411635
3407336
3411636
3407337
3407973
3407974
3407975
3407976
3407977
4118708
3868724
393556
4089131
3136655
3136656
828757
823660
823658
629366
628869
4027066
824087
828756
823512
823511
823510
302454
78989
78990
79364
79366
82836
82837
376452
372327
3639213
3639214
3634212
3634038
57109
56258
57112
57114
60130
60131
57322
57324
56261
56262
56263
61391
57327
57329
56266
56267
57121
57123
61394
61395
57330
57332
56271
56272
57126
61398
61399
57334
57336
57338
2235075
2235073
2234233
2234234
2239531
2235572
2239527
2239528
2239532
2235574
2235068
2235568
2234230
2235570
2235070
2234229
148607
143783
481036
303859
3304332
3304334
3307918
251956
42620
28831
24284
24432
24433
24434
24435
24285
28832
24286
28833
24589
24590
24591
3141676
3141677
3042008
3042004
3037439
3042005
3037980
3037485
3037487
5526479
5526480
238005
2938222
2726312
2731024
99922
99923
104034
3536299
49086
50085
50086
50087
47563
1025922
572968
46260
153871
209081
209077
209079
359901
36898
665416
3708046
176936
177956
252726
251965
251966
252420
252422
252268
252269
252728
252730
251969
251970
252423
252273
252274
252731
252733
251973
251974
252427
252429
252431
252277
252278
252736
252433
251978
252281
252740
251981
4245004
4243807
4244654
4245003
4243806
4244653
4248155
4248156
4245006
4245005
433399
2033204
373197
373063
307539
3422577
248464
150070
150071
913238
3595307
3590606
1583095
1579238
1579240
1587428
1587429
1586824
3373354
3373353
3373352
3373351
3373173
3366635
398834
6540326
3956840
548108
548109
548898
548899
551575
546473
551576
548900
664391
4226392
588054
234729
234730
229496
229498
230677
230678
229138
230674
229135
229137
2660994
2664488
2659196
2659197
2664490
2659198
2659579
2659580
2664487
2659195
2664486
2659578
2659577
4036426
4036434
132708
132709
132449
132451
137368
137369
132296
132298
542448
3411071
3530849
3536296
3531207
3531209
3531731
3530847
3531732
81337
5884775
1352933
1355534
1351296
40714
6337067
6337068
6337069
6337070
6337071
4206332
6619172
4127609
2441313
2436137
2435534
2441312
2436410
2435535
2441317
2436134
2436132
2441316
2436414
2435540
2436412
2435539
2436406
2436135
2436415
2436139
2436485
2436486
2436420
3558641
3564133
3558977
3558978
3558979
3558980
3564134
3558640
3564132
3558639
3313548
3314751
3317074
3317075
3313551
3313552
3903612
3903613
3904578
3904579
3905235
3905548
3905551
6457156
6457149
6457144
6457145
6457152
6457153
6457157
6457158
6457150
6457147
6457154
3301176
3301031
3306266
3301033
3306267
3301271
3301179
3301180
3301273
3955400
526781
1970651
1970652
1970089
1970091
1973635
1973636
1970310
1970309
664061
664062
664063
663629
145108
145109
146278
174568
661761
217861
290696
293254
290684
293242
290332
290334
290496
290686
293246
293247
290337
290500
290689
290691
293251
290339
290343
290504
290505
290369
293255
290371
290709
290516
290719
293268
293267
290513
290355
290721
290353
290529
295322
293264
295323
293263
290517
293258
290707
290360
293273
290509
537386
537387
274508
1389906
547509
444193
70338
70340
74244
74243
260583
260585
260587
260723
260724
261419
261421
266126
266127
260589
3601
224697
225145
225147
228803
228804
224549
224551
224701
224702
225148
225150
225153
225155
228811
228807
228808
224553
224555
224705
224706
224707
228812
224558
224560
224710
224711
225157
225159
228815
228816
224561
224563
224714
224715
225161
225166
225168
228823
225163
228819
228820
224565
224567
224569
224718
224719
228795
225141
225143
228799
228800
224546
224548
224696
228796
224541
224543
224692
224693
225139
225132
224689
225135
225137
225134
228791
228792
224537
224539
224688
228787
228788
224533
224535
224684
224685
228783
225126
225128
225130
228784
224528
224530
224680
224681
6623215
6623216
6623218
6623219
6623221
6587731
6587995
290150
290149
290011
480993
704723
704724
704271
704273
3268310
470650
194270
3366525
3365256
3364788
3366526
3364787
3365257
3364786
3366527
3364785
3365677
3366524
3365678
3365255
3365679
3366523
3365680
3365254
3366528
3365676
3365260
3365681
3366531
3366530
3365259
3364792
3364791
3364790
3364789
3365258
3366529
398153
604377
599922
604376
599921
266552
214805
4277382
2352019
2987330
238373
766016
3348604
3344668
3344666
3344510
3344509
3345096
3345094
4192477
137534
271756
75617
82049
82050
82051
82052
83957
82465
83958
487989
487990
487780
487782
492031
492032
492033
487946
487948
487993
487994
297156
294718
293622
293620
138863
138864
138865
139549
139551
144302
144303
139245
139247
3885162
3775263
3771065
3771064
3771063
3771062
3775262
3769396
3775261
3769395
3770518
3769394
3775260
3769393
3775259
3769392
3771061
3771060
3771059
3771058
543957
1466838
1466837
1466834
1463308
1463306
1463161
1463160
1467640
1467641
1463177
1463062
1463056
1463058
1463060
1463318
1463320
1463172
1463173
1463331
1466842
1463327
1463054
1466848
1466847
1467657
1463350
1463165
1463049
1463333
1463184
1463069
1463185
1463073
1463071
1463164
1463339
1467653
1463189
1463336
1467649
1463202
1463078
1463065
1463181
1463313
3857456
283002
71600
73164
73166
75833
75834
71124
71126
71603
29237
1273651
1178176
99268
149653
4088173
4083083
4083933
4083086
4088175
4083085
4085154
4085153
4088172
4088177
4083087
12798468
2798466
2803958
2803957
2801214
2801212
2800758
2800757
2798462
4115914
12707
3606867
12700
1975997
1975998
361100
334343
6197707
110278
1084023
1084355
1084357
1083631
1084025
1089426
265709
265710
131346
575066
575068
579115
114398
119661
732127
736082
170256
518706
521650
523066
523067
521176
521178
518711
521651
521653
523071
523072
521179
521181
518715
521655
521657
521659
523075
523076
521184
521169
518702
518703
521645
523061
523062
523063
521172
518719
521661
664076
499165
497323
482030
1582821
1179905
75651
75428
75429
75430
75253
140160
140540
140542
3949736
3955018
3955019
3950031
3950033
3949906
3949907
3949738
3949740
3955022
3955023
3955024
3950036
3950038
3353217
3353219
3357356
341240
341241
336447
336449
337038
337039
343115
343117
341244
341245
336450
343203
3868584
244428
240468
216430
52397
57565
57566
596725
574702
574703
620672
720191
724893
724892
719841
719961
720195
719959
724888
719835
2655080
2655079
2651162
2651160
2652210
2651532
26944
31489
96144
96150
96334
96330
96331
3494302
3494304
3493983
1980698
1980696
1981204
1981203
1981202
1980435
6133769
20801
21122
6196598
114746
4162220
2980111
2984675
6169480
6169481
6169482
6169483
6169484
6169485
6169486
6169487
6169488
6169489
4561189
4561191
4561192
4561193
4561194
6282757
279770
15353
222398
222399
218738
222400
218736
219549
219550
200998
3059825
354729
238686
6023730
615679
75512
362521
3448479
3453099
3453098
3448957
3448955
3448276
3448463
635048
889933
311505
435733
113228
498191
55410
539207
312304
2499512
2504365
2500720
2500719
2500718
2500717
2504364
2499511
2499510
189360
4452296
4452295
4452294
4452293
3543027
441408
145578
439626
5579450
618681
48270
50800
47078
48268
50802
47081
47082
48273
48275
3434649
3434650
3433023
977200
977215
976000
976001
976220
4015630
4010218
483037
28130
8317
4651516
141716
141799
141800
341250
302750
307300
2039442
2034827
2039444
2034376
2034378
10535
35354
115712
287263
283407
283405
283732
283731
283287
287260
283285
287259
283403
283401
283728
283727
283726
283282
283280
287256
287255
283398
283396
283723
283278
283722
283713
283714
287202
282558
281476
283229
281472
282556
282569
281499
283230
287205
281968
281480
281470
281471
283706
281492
283245
283243
287218
287217
282575
281488
283242
283705
281491
283240
287214
287244
283735
282600
283736
283411
283268
283276
9088
9390
8759
8760
175016
272302
3950496
65582
561280
87692
87694
87602
87604
92648
92649
87693
135675
6247695
6247696
6247698
6247699
6247701
6247703
6247704
6247705
526297
4219227
4219146
2338860
599806
600599
600601
596885
596884
599805
600161
600159
596881
596880
600163
596879
600596
600594
599802
599801
600156
600154
596876
596875
600592
600590
599798
599797
600153
600151
596872
596871
600588
600586
599794
599793
6184362
6184363
699987
699985
697657
20642
19740
90942
90944
92178
278395
93609
98933
794845
794847
795682
795683
795294
795296
796459
796460
796461
794850
794852
795686
795299
50807
166986
6576533
578327
3748877
6368494
6368495
6368498
6368501
6368504
3206185
3206186
3206187
3206188
3204816
3206364
3204817
3206365
3199324
3199325
3199326
3206366
3199327
305932
23695
142955
205744
4167370
146440
150078
81322
81323
665031
1411966
1408989
1412384
1403833
1403835
1408930
6509058
41693
3778849
455760
439418
444652
441810
3223791
65134
1390587
1390588
1390589
1394476
12571
12572
11632
18384
18385
2681822
2681609
2681611
2681823
2681824
2681255
2681257
2681080
2681081
2681614
201570
3630889
3630888
287686
287379
559436
559438
647697
101156
101154
103861
103860
101004
101002
100718
100717
256676
256678
4122983
4123676
78637
4132325
4135412
4131835
4131839
4131303
4132326
391297
391085
391087
52803
30872
169352
169658
169660
126657
127068
127069
184241
462257
14113
20877
591971
591970
591969
591700
591698
26413
3315612
3318822
3315611
6568429
6568430
20688
681642
548834
548836
545001
548840
548839
544593
544591
544911
4442092
19316
151069
145637
146492
145639
151073
3312156
996705
1269162
1269995
1269159
1273928
1273927
1268813
1268811
1268809
1269996
1273923
1273924
1269157
1269164
1269999
1270000
1268815
1268817
1273931
1273932
1269166
1269168
1270003
1270004
1269170
1269172
1270007
1270008
1268819
1273934
1273935
1268822
1268824
1273937
1273938
1269175
1270011
1270012
1268826
1268828
5985756
448593
445700
447323
451136
451135
445699
447321
451139
448591
451140
451141
447328
447326
445703
447336
451144
447330
445704
448596
448598
451145
445708
448599
447332
445707
451148
448601
451149
447334
1000022
4282684
4282626
4282631
424400
79322
79319
79320
78884
77985
50736
46848
46850
47018
47019
74157
1399706
1399707
4785686
319459
320227
320123
320226
321067
319460
324864
320231
320230
321071
321069
324870
324868
320234
319467
321074
320235
324873
324874
321076
324878
320239
320238
324879
319471
319462
324865
321079
321077
320243
320242
319474
319472
324883
324882
321083
321081
319457
319465
324861
324869
319469
324884
133157
4020528
478856
479067
480013
478722
478861
479070
479072
480017
478865
86369
89997
89998
84681
84683
84890
84891
86371
86373
90001
90002
84685
84687
84894
84895
86374
86376
233260
233261
233808
233810
36550
166606
2575904
2571013
2571536
2571261
2571027
2579207
2579209
2571564
227137
53613
53614
327038
3652983
998512
258808
41496
146181
28078
107327
110223
110224
55053
135677
97343
97344
97345
97346
100624
97589
100625
97590
97935
97936
50101
49617
49619
50100
271704
361950
434586
396909
391074
391076
391290
391291
392147
244648
245242
31465
445456
441189
441191
441097
441098
445457
441526
441528
445460
445461
441193
441195
441101
441102
441103
441531
441533
445464
445465
441198
441200
441106
441107
441535
441537
445468
441203
441109
441110
441539
441541
445471
445472
441205
441207
441209
441113
441114
54996
299370
24229
3038976
205331
205329
210403
210402
206300
810711
3985147
3986732
3986733
3986734
3986735
3985148
3989474
3985149
3986729
3986730
3989478
3985152
3989479
3986739
3985153
3986075
3986076
3985155
3989480
3985154
3986741
3986077
3986078
3986742
3986740
820369
820371
480183
480287
480286
480470
480468
483952
483951
480181
480179
480282
480467
480283
480465
483948
483947
480177
480175
480279
480278
480277
480462
480460
483944
483943
480172
480170
267672
267166
267164
2664473
2659785
5090075
13628
1001682
443844
129021
132185
132186
128380
128382
128644
128645
129023
3268691
3268692
3264121
3264702
4166272
536990
440720
418044
418046
334082
4132436
4132435
306406
195262
68463
2210058
2210948
2210945
2210056
2210946
2214200
2210947
2210057
86693
487747
214839
214838
215634
215632
218469
218468
214967
214965
8568
3118516
3114528
3118517
4242869
4239221
4242888
322264
615881
6537171
223693
587675
75629
75630
75631
75408
3752244
226935
226936
414221
460740
460742
465415
465416
461463
461465
461320
461321
460744
460746
465419
465420
461466
461468
461324
461325
460748
460750
465423
465424
465425
461471
461473
461328
461329
460753
460755
465428
465429
461475
461477
461332
461333
460756
460758
465433
465434
461478
461480
461336
461337
460760
460762
382929
2515620
2027868
2023548
339826
276834
276836
3426885
2794105
2798824
219019
311951
312080
312082
317168
317169
311949
311592
311593
312078
312076
312074
317172
336252
332742
332740
333378
336253
128247
128576
128869
1272135
536695
139204
139206
568097
568098
563944
30844
31114
354716
354718
92387
115777
120141
120142
241804
3260766
3260767
3262860
3260765
3260764
3262861
3261074
3262862
68462
3931128
198176
69323
3590891
1694887
3499139
5535052
600557
600555
600553
599757
599756
600116
3089087
267854
321461
321419
321463
324939
324980
324940
324981
321137
321179
321139
321181
321245
321470
321246
324989
321421
321187
321423
321189
321425
324990
325148
321182
321184
324986
321468
321291
321292
321464
321288
321287
321427
324985
324948
321466
324947
321299
321429
321475
321144
321473
321142
321296
324944
321295
324943
321193
321250
321191
321249
325152
321147
325151
321145
325156
321255
321195
321430
321197
321432
321303
324951
321304
324952
321480
321149
321482
321151
321300
321254
321476
321437
321478
324955
325155
324956
321489
321154
321491
321156
325168
321263
325163
321259
321488
321258
321203
321435
325164
321260
321312
321267
321205
321159
321313
321443
32
568037
563
6180915
169370
336686
337115
341128
336834
337114
336838
336684
336836
2681085
2681615
208581
208395
208585
27132
27130
28374
28373
26970
26968
31520
31519
27129
27127
28370
28369
26966
26964
31516
31515
31514
27124
27122
28366
28365
26961
26959
31511
31510
27120
585099
585102
581166
581168
581429
580866
581431
580867
773194
913223
913603
917990
913604
913605
913380
913381
913382
913383
913606
917992
913607
917993
451571
1886398
1886400
1889474
1889475
1885963
1885965
1885092
1885093
3286156
260158
6594193
6594395
3021672
3023363
3023364
3022191
2338835
2338837
2337989
52483
355850
355852
4069859
4074299
4069860
1524222
387374
141364
544488
22160
346934
95977
91921
96255
96254
91356
91354
91859
91858
91206
91204
96251
96250
91352
91350
91855
91854
91203
91201
96247
96246
91348
91346
91851
91850
91199
91197
91195
96243
96242
91343
91341
91847
91846
91193
91191
94512
94511
91339
91337
89174
89173
91190
91188
94508
94507
91335
91333
89170
89169
89168
91185
91183
94504
94503
91330
91328
89165
89164
91181
91179
94500
94499
91327
91325
91211
91209
96256
347277
353128
253256
202818
202819
202820
466657
2436519
15332
15333
15334
227456
305916
1001552
4160683
422414
5942910
5942911
5942912
5942913
114700
114701
114706
523223
523820
527472
527473
523225
523480
523481
523818
523227
523231
523484
523485
523823
523825
527476
527477
523233
523229
49021
49023
53281
53282
47504
47506
48145
48148
48149
4085772
4085773
4085400
4085774
4085775
4085401
4122911
4122912
17895
1086712
1086792
1086794
1086558
1086716
74084
133152
421406
421407
421405
422146
421404
422147
426475
426474
421252
421253
421251
422148
426476
421254
422149
421400
426477
421403
421402
421401
426478
422151
422150
421257
421256
421255
426479
426480
422152
421258
426482
422153
426481
3116019
3120494
3116018
3120493
3116299
3116298
3116297
3116296
3120492
3116017
3120491
3116016
3120490
3116461
3116460
3116459
3116458
3120489
3116015
284186
380006
383187
383186
380279
383192
383200
380275
380276
39922
436349
214477
2188970
3812148
3812149
996551
309472
16214
16215
145580
227109
117593
143828
145870
319769
46942
38180
1778867
1778868
1781142
1779058
1779056
1781139
1779155
1781143
1779157
115132
275804
150081
150082
539202
538948
538947
538946
538945
543190
537702
543189
537701
539199
539200
539201
537700
543191
537703
76640
76855
76856
76859
76857
76858
343086
172215
172248
172250
209233
3887499
3314530
3313577
3318670
3318673
3313580
3314531
3314532
3314534
3318675
2032903
2237079
2237080
2039489
4118996
4116255
175681
280382
279732
6083609
310312
2619756
2619593
2619594
2619595
2619596
491759
492714
492715
491450
491452
488047
488048
491761
491763
491765
492718
492719
491457
377910
600276
351853
351854
347544
4182074
4184904
4158524
4158449
4158525
165265
164951
164952
216486
1631983
575381
78027
79343
620571
3889656
3885296
2945711
2945082
3290080
3290081
3293895
3290684
3634326
3637783
3640686
393930
393928
779221
213339
213962
3555059
3552588
263158
52396
60225
5979175
30866
413786
3409229
3407923
3407924
3407925
3407926
3409230
3407285
3409231
3407286
3407693
3407694
3407695
3407696
3407697
3409233
3407288
3407927
3407928
2050802
487592
2686521
99299
129874
135721
91646
91644
293618
297154
233268
233819
27404
32401
32402
27261
27263
459741
102656
97788
105049
92322
1021273
1026765
1021275
1022720
1026769
1022490
1022722
1026772
1022494
1022492
1026764
1022485
1022483
1022726
1026773
1022717
1022725
1022488
1026768
1021278
1022721
1021280
1022712
1022480
1022482
1026760
1026761
1021269
1021271
1022716
1021266
1026757
1022711
1021268
1021281
431750
4091100
4127449
4127200
4131089
4127851
4127852
4127853
4131094
235890
235892
237016
237017
236038
547431
546953
6116523
19790
4071769
4071770
4067503
4067504
4068040
4067205
4067206
4068041
4067505
4067506
4071771
4071772
2233892
2237000
2233891
241675
193440
194431
194432
199705
193460
194448
194449
193467
193883
194452
34426
267038
218517
218518
215680
215014
179434
184127
184128
179448
274839
262412
266385
266386
261687
261689
263025
263026
3450315
4254873
4254875
4031249
458988
458990
460346
460366
460368
460069
460070
459016
459018
463859
463831
463832
460342
460344
460042
460043
458991
458993
463835
463836
460348
460046
460047
460048
458996
458998
463839
463840
460351
460353
460051
460052
459000
459002
463843
463844
460354
460356
460056
460057
459003
459005
463847
463848
460358
460360
460060
460061
460062
459008
459010
463851
463852
460363
460365
460065
460066
459012
459014
463855
463856
463860
686754
116166
115222
115726
115727
115728
115729
115223
116167
115224
116168
116344
116345
116346
116347
116169
115225
116170
115226
116171
115730
115731
115732
115733
116172
115227
116173
115228
116348
116349
116350
116351
115229
116174
115230
116175
115734
112116
111627
115082
112281
112283
116023
116024
116025
1858060
1858055
1858428
1863369
1858426
1858437
1863372
346096
345965
4348214
4348216
4348218
4348220
4348222
4348224
4348226
4348228
4348230
4348234
2870187
2860786
2860784
2865174
2865173
2870284
2870282
2870184
2870183
2860782
2860780
647825
647714
647716
653312
653313
652347
3589
6010148
6010168
6010170
6010172
6010174
6010176
6010166
4044273
242081
1004094
1004090
1004091
999081
999083
1002152
1002153
1002298
1002300
999085
1004097
1002156
1002159
1002305
1002155
999093
1004098
1002303
999091
999089
999087
395585
395584
392731
392729
393019
393018
393335
395581
395580
392995
392726
393015
392713
393003
395563
395562
392710
392708
392999
392998
392706
395577
395576
392724
392722
392720
393011
393010
392704
393014
393333
393331
395572
392718
392716
393022
393007
395568
395567
393006
393325
393323
393328
393326
395573
240513
312492
313126
312494
313127
67193
69243
198893
6152658
4106028
3137468
3142956
654945
423670
1885182
1883837
3006667
3007187
3007053
3007055
3006670
3006671
3007191
3007193
3011073
3011072
6077044
276243
280815
280816
276866
276868
276548
498813
498814
496452
496454
493671
493672
496135
496137
498817
498818
235789
235790
3510
3512
256362
296382
4091495
413976
3429421
3429422
343096
343098
353770
3928102
473380
661172
3974380
643958
649001
649002
647644
23760
23762
2896
1632412
1634115
3298747
536410
536411
536412
536413
534692
539863
534693
539864
536826
536827
536828
536829
539865
534694
539866
534695
5975007
200965
847074
847254
852016
847101
847245
852007
847093
846830
846826
846824
851995
847082
847080
852000
851999
527850
527841
527842
527843
527357
185072
227277
17417
545723
988494
988496
6547675
10050
9894
3726593
52434
434219
434220
429836
429838
431064
431065
431335
431337
431339
434223
434224
429841
429843
431068
431069
431341
431343
434227
434228
429845
429847
431072
431073
431344
431346
434231
434232
482121
11992
11222
4069654
665402
664411
34197
2370716
5996671
236135
515870
521317
3511856
3511824
3506713
3506725
3511832
1688052
1688053
470561
2643037
245327
245328
248380
248382
249013
249014
244732
244734
245332
245333
248383
248385
249017
249018
573299
533814
1636345
1636346
1636347
1636481
1639536
1636482
1639537
3824308
3820291
616745
616747
616748
616750
616239
616240
616680
616682
620618
620619
616235
616236
616676
616678
620614
620615
579917
504593
504114
504186
503130
503131
503132
503557
503559
508278
508279
504189
504191
503135
503136
503561
503563
508282
508283
503564
508220
503505
508262
504200
987291
987306
985258
982318
982319
303548
2882668
525063
1395621
129423
129424
129867
129869
133518
107403
442014
3868549
3873856
3868702
3868479
6249693
43871
48570
48571
43567
43711
43712
43574
43720
43882
48583
43578
43580
43885
43887
48586
43584
43728
43729
43890
48590
43732
43894
48594
2698861
445748
585079
26706
30252
26707
25564
2485649
183537
1859682
1855082
1855080
1859683
417241
417243
506414
34104
520604
330125
334592
184641
3325390
378987
1577462
1578063
1577794
1578065
1577796
1581923
1581922
2050008
2046209
2046207
2044702
2050004
2050005
2046193
2044714
2046215
24209
261242
266317
266318
266319
261612
261614
261859
261860
261245
261247
266322
538275
538277
538279
538439
1637533
433670
234633
235196
235198
237378
237379
234512
234514
234516
234636
234637
3986327
4159310
4160359
3556612
682659
665405
43408
6196617
532134
532136
551355
46558
140664
145705
140798
140800
64691
360
1355567
13
4148473
4149813
4152551
4152612
4148475
4147938
4150343
4152531
4149737
4152501
4148072
4152575
4148607
4144955
4150234
4150349
4147936
4149924
4148534
4149760
4150233
4149716
4152542
4152336
4145549
4148043
4145619
4148504
329764
324600
324602
329766
111336
1366454
559062
555282
555845
554835
555847
555866
554818
560495
554819
560494
559061
555284
559060
554838
555263
557037
555261
555868
555851
557038
555849
555287
559066
555289
555268
557041
555269
557042
555271
555291
554827
555293
559070
560502
554826
560503
555855
555874
555273
555876
555853
557046
559069
557047
559073
555294
555275
555296
555277
560506
559074
560507
555862
555878
555279
555880
560491
555858
557050
555860
557051
554830
557052
554831
559077
555299
555281
555301
554834
555864
560510
553190
556289
553191
552075
552076
552077
552078
553192
556290
553193
556291
553194
551917
551918
551919
551920
553195
556292
553196
556293
552079
552080
552081
552082
556294
553197
556295
553198
551921
551922
551924
553199
556296
553200
556297
553201
552083
552084
551923
552085
553204
556301
553205
552087
552088
552089
552090
553206
552086
553202
556298
553203
556299
551925
551926
551927
551928
556300
556302
556303
553208
551929
551930
551931
551932
553209
556304
553207
96924
11234
11236
16562
16563
363501
4132911
129318
124836
124838
124613
524851
525010
421477
148562
534101
124840
124842
124844
124615
537326
317669
317671
319832
319833
319515
67908
379050
367967
367968
379400
379402
364230
379405
364234
364235
379055
379057
367976
367977
367978
379408
532026
537352
367960
127635
4112187
4203633
4203632
3915704
22469
5979160
3553111
3557225
4149438
3701860
6045764
98925
417088
378669
378670
243677
3459722
381944
118716
43790
4269514
4269959
4269960
4003311
4000059
4000058
31380
33455
269944
131395
131397
130703
130927
135515
135516
131399
130704
130925
130708
130929
135518
135519
131403
131405
130711
130712
130931
130933
130935
135522
575163
2812352
2812523
268293
998200
998201
3652600
3654466
3655055
164622
164623
159302
159304
159036
159037
159906
159908
164626
164627
537695
41456
41457
6455371
6455373
6455375
6455377
6455379
6469496
6469498
6469500
6469502
6469504
6469506
6469508
6469510
6469512
6469514
6469516
6469518
6469520
6469522
6469524
6469526
6469528
6469530
6469532
6469534
6469536
6469538
6469540
6469542
6469544
6469546
6469548
6469550
6469552
6469554
6469556
6469558
6469560
6469562
6469564
6469566
6469568
6469570
6469572
6469574
6469576
6469578
6469580
6469582
6469584
6469586
6469588
6469590
6469592
6469594
6469596
6469598
6469600
6469602
6469604
6469606
6469608
6469610
6469612
6469614
6469616
6469618
6469620
6469622
6469624
6469626
6469628
6469630
6469632
6469634
6469636
3990907
3990906
3995590
4225462
3704090
4118770
4118771
4160684
3419835
156229
156230
152135
152137
152139
150487
150400
150402
156233
156234
152141
152143
150490
150491
150404
150406
156237
156238
152144
150495
151978
151980
156241
156242
156243
152149
130510
4098613
402330
3171
38343
3919203
3038551
245410
240511
17266
3273939
3979429
3979431
4043543
87092
20046
20048
25055
25056
20510
392805
4046532
4051430
4046283
1879942
1877371
1882830
1879926
1879921
1879332
1882837
1879317
1882822
1879342
1879344
1882818
1877359
1877710
1877381
1877719
547927
4168761
6009987
4127648
4167493
464645
462343
464481
464483
464654
464655
462350
462352
466710
462355
462357
5801763
3609777
4060596
796360
796361
794749
792850
794751
4077587
562191
350679
106014
885793
79981
75495
377943
377944
561141
129388
129532
129386
129387
114624
112474
112475
109932
109934
107380
96799
91478
91480
94216
94217
93798
93800
96802
96803
91482
91484
91486
314963
318503
314962
314534
107647
103368
992813
988818
992811
987645
992812
988817
987647
987646
988814
988815
988816
1395635
1395636
1394541
1394543
1390659
1390660
1394653
1394655
1395639
1395640
1394545
1394547
1394549
1390663
1390664
1394658
1394660
1395643
1395644
1394551
1394553
1390667
1390668
1394661
1394663
1395648
1395649
1394554
1394556
1390671
1390672
97942
97943
92698
71479
71480
71506
6017773
6017749
394810
5453596
714117
4050341
3025
3027
2237
2238
3179
3181
6794
313951
4451651
171918
239951
23358
55248
303306
1019945
532499
5315074
142226
142228
146783
146784
141743
141745
190937
190086
190087
190941
4212125
316114
316116
3910153
3013666
3011298
3013665
148585
3342609
3344349
3342931
3342610
3342930
3344350
3344347
885144
4112944
3528768
3529297
1394790
1394791
1394792
1394699
376600
384522
4226391
377732
377734
382965
70061
69524
69525
68862
68864
74180
74181
70063
70065
69528
69529
68865
68867
74185
74186
70066
70068
431449
25099
792513
792515
793041
793042
792817
792819
103553
537330
107656
103377
103379
103511
103512
103093
103095
107659
107660
103380
103382
3285935
3285937
3285818
12057
359906
43110
41707
41709
41711
47200
47201
42790
42792
41715
43113
43114
41713
43123
47204
47205
43118
42793
47208
43119
41716
47209
41718
42797
42799
42795
43122
43124
41721
41723
47212
47213
42802
42804
43127
43128
41725
515535
3088884
3083615
3083736
3083738
3088885
231665
350671
728559
728724
728442
728723
725948
728557
725949
728445
728725
728454
728452
728734
728733
728567
728565
728562
725953
725952
728447
348487
3909923
3910220
13532
2233952
2239131
2237059
2237060
2237061
2237062
2239132
2233953
2239133
2237408
2236849
2236850
2236851
2239130
104560
6543575
348296
4303473
1390489
1395077
589854
4211594
4032053
4033260
4032052
2239148
614162
3977629
3972378
3977630
3972379
3977766
3977767
3977768
3977769
3977632
3977635
3977637
3972387
3977638
3977776
3977777
3977778
3977639
3972388
3977499
3977498
3972389
3977496
3977497
3977641
413305
3151050
3145929
3146946
91111
13039
3997812
3997813
6512821
6512822
6512823
6512824
6616733
5415312
6533185
4007902
230835
133454
13168
21721
21722
22124
22126
21814
347078
5947787
3279339
792608
792609
793195
796286
793196
796287
792924
796289
792925
792926
792927
796288
793197
793198
792610
792612
796291
793200
792928
792929
796297
792930
793205
792931
796296
796292
793201
796290
792936
793202
796295
796293
792613
793204
792614
792935
792616
793203
792933
793206
793199
796294
792932
792934
792615
6176093
6176099
6176101
6176119
6176147
6176149
6176151
6176157
6176249
6176251
6176255
6176259
6176261
6176263
6176265
6176267
6176305
2485651
6530239
6530788
605680
604623
604625
605681
6541744
3420311
235817
235819
383690
296464
295676
227323
205931
205933
335181
336637
336635
341081
2432578
346759
6048229
304633
3375223
3375898
515055
28095
561012
504016
499499
499500
499501
496771
1198872
1202516
275530
219926
445926
40256
40778
83926
82016
82017
82018
82019
83927
82430
83928
82431
80180
1153357
24104
295844
48637
43771
43633
43634
3069868
382011
270320
270322
275593
185049
397096
648897
648105
3704493
3704491
3703986
3704969
3706112
3706113
4124242
2681196
335922
335103
6417544
6281613
4261912
3456339
150922
14747
39771
141874
217877
3298805
3302647
141024
6488405
12699
6197156
355594
357540
6163018
6163019
6163020
6163021
6163108
6163109
6163184
6163185
6163216
6163217
6163220
6163221
6163224
6163225
6163238
6163239
532631
488540
485653
488541
485651
6509059
461239
476626
476667
477252
461242
483011
487563
487564
486933
482586
482587
483017
487577
4390434
4390435
4390436
4390437
4390438
4390439
4390440
4390441
4390442
4390443
4390444
4390445
4390447
4390448
4390449
4390450
4390451
4390452
4390453
4390454
4390455
4390456
4390457
4390458
4390459
4390460
4390461
4390462
4390463
4390464
4390465
4390466
4390467
4390469
4390470
4390471
4390472
4390473
4390474
4390475
334186
334187
329656
329658
331337
331338
331647
331649
334190
334191
329660
329662
329664
331341
331342
331652
331654
334194
334195
329666
329668
331345
331346
331656
331658
334198
334199
329669
329671
331349
40278
452900
452902
458549
458550
455248
455250
453252
453253
452903
452905
458553
458554
69294
18947
172570
172571
172572
3315619
3320242
3315618
3320241
634930
3651390
5980031
5980030
6005441
6005442
3162089
325842
6054418
6054419
6054420
6054421
6054422
6054423
6054424
6054425
6054426
6054427
6054428
6054429
6054430
6054431
6054432
6054433
985903
981208
981209
672905
111625
112277
112279
116019
116020
203821
153569
156580
153894
153896
152716
152717
153567
156581
1523799

3998316
47955
43002
2432204
2436248
4003079
2342465
2345734
2342690
42744
6161925
6161927
6161929
6161931
6161923
6161904
6161908
6161910
6161912
6161921
3735558
3736013
10024
6538129
6537347
6542250
4226689
4226690
4231345
4231344
4226688
3807075
3652977
345831
345829
25600
25603
13375
17608
17609
208405
208596
208597
208736
208738
211752
208740
208742
208744
211755
211756
208410
6539052
348701
348702
343199
343201
343402
343403
343284
343286
348705
45642
45643
40506
3679500
3680256
3680254
3682209
3679167
3682210
574747
117713
94554
476793
3814114
127222
404751
5945573
5945574
5945575
5945576
5945577
5945578
6278363
473024
3923363
4255142
4254525
4255214
4257571
984627
3089370
254330
258911
258916
258917
256540
256542
256230
256231
254337
254339
258912
254965
254967
256226
256227
254332
254334
258915
235299
408073
408071
408214
408213
407459
407457
412189
412188
408070
408068
412192
3380457
3385041
175233
305125
308499
304698
304964
305127
304702
304704
305130
305132
310233
305138
395642
5011157
3496756
142956
508560
104351
104959
104960
126655
1874154
1874153
222418
219567
218755
257030
3621433
3616163
3616161
3616296
3722709
6209115
3868002
3872693
3867063
3867064
3867999
3868000
3872691
6421957
304476
2239156
6487652
1693585
4172220
4171742
4172233
4171759
4170016
4172242
4170023
4174113
4172254
4174121
4170042
4174126
4172590
4005928
3085550
3089662
3084649
3089661
3085548
3084646
3084647
3089660
3085549
3084648
3089663
243636
67902
127411
3363038
32730
3718891
526735
4783715
4783723
4783727
4783735
4783737
4783739
697704
700069
85819
85821
454779
4767616
4767623
4131135
4261769
4047493
268325
268326
268192
268194
272634
272635
268870
268872
268329
268330
268196
272638
272639
268874
112158
538591
535084
535085
538592
533424
535081
533425
538593
533426
535082
535083
192850
192851
190450
1835004
1835119
1835121
1839436
1839434
1840110
1840109
1835129
1835127
1835009
1835008
1839433
1839431
1840105
1835124
1840141
1835162
1835160
1839280
1839279
1839464
1839462
1840138
1840137
1835158
1835156
1839276
1839275
1839274
1839459
1839457
281998
281999
282000
283928
278765
283929
278766
278664
278665
278666
278667
278767
283930
278768
283931
278769
282001
282002
282003
282004
278770
283932
278771
283933
278668
278669
278670
278671
283934
278772
283935
278773
282005
632226
632228
47439
47441
48080
486439
4529307
404731
3109114
533637
533635
538653
538652
538651
535142
533484
534586
533641
533639
538657
538656
535147
535145
534587
535140
534590
16247
1400764
1400766
1404430
1404431
1400340
1400342
1398664
1398665
1400767
1400769
1404434
1404435
1400344
1400346
1398668
1398669
1398670
1400772
1400774
1404438
1404439
1400349
1400351
1400776
1400778
1398673
1398674
1404442
1404443
1400352
1400354
1398678
1398679
1400779
1400781
1404446
1404447
1400356
1400358
1400360
1398682
1398683
1400784
1400786
1398660
239783
239639
240755
241238
241237
239637
240756
476736
479679
479681
482037
482038
479363
479365
476739
476740
479683
479685
479687
482041
4033547
279875
57623
511245
511243
513341
513340
510748
510746
511036
508209
511241
511239
511237
513337
513336
510743
510741
508206
508205
511235
511233
513355
513333
510760
511257
513354
510758
511048
511047
511253
511251
513351
513350
513349
510755
510753
511043
511044
511248
511246
511255
513346
513345
510751
510749
511040
511039
511051
4487262
333916
1939758
1943560
2158989
2162518
2159359
2158782
2158985
2158774
2163775
2158779
2158780
2158770
2158762
2158767
2162511
2159343
2159345
2159344
2158760
256682
256684
237496
242414
305524
339776
6393192
6393194
6393196
6444176
6444177
128580
15490
57166
185991
254148
3991348
46632
45681
1533290
432715
3034141
3035564
3033712
3033713
3033714
3034143
3035565
3137349
3137533
364032
4452327
4452329
4452326
4452328
459064
460118
460119
460414
460416
463905
463906
459066
459062
459068
460122
460639
846520
846521
846532
846533
849700
3133567
3133525
3133524
3133354
3133356
3138095
3138090
3138091
3138092
3133565
3138096
15477
6747126
6747127
6675504
6675514
6670276
6754920
6754922
6754923
6754924
6754925
6754927
6754928
6754937
6754939
6754940
6754941
6754942
6754943
6754944
6754945
6754946
6754947
6754948
6754949
6754950
6754951
6754952
6754953
6754954
6754955
6754956
6754957
6754958
6754959
6754960
6754961
6754962
6754963
6754964
6754965
6754966
6754967
6754968
6754969
6754970
6754971
6754972
6754976
6754978
6754979
6754980
6754981
6754982
6754983
6754984
6754985
6754986
6754987
6754988
6754989
6754990
6754991
6754992
6754993
6754994
6754995
6754996
6754997
6754998
6755000
6755003
6755005
6755006
6755007
6755008
6755009
6755010
6755012
6755013
6755014
6755015
6755016
6755017
6755018
6755019
6755020
6755021
6755022
6755023
6755024
6755025
6755026
6755027
6755028
6755029
6755030
6755031
6755032
6755033
6755034
6755035
6755036
6755037
6755038
6755039
6755040
6755041
6755042
6755043
6755044
6755045
6755046
6755047
6755048
6755049
6755050
6755051
6755052
6755053
6755054
6755055
6755056
6755057
6755058
6755059
6755060
6755061
6755062
6755063
6755064
6755065
6755066
6755067
6755068
6755069
6755070
6755071
6755072
6755073
6755074
6755075
6755076
6755077
6755078
6755079
6755080
6755088
6755089
6755090
6755092
6755093
6755094
6755095
6755096
6755097
6755098
6755099
6755100
6755101
6755102
6755103
6755104
6755105
6755106
6755107
6755108
6755109
6755110
6755111
6755112
6755113
6755114
6755115
6755116
6755117
6755118
6755119
6755120
6755121
6755305
6755306
6755307
6755308
6755309
6755310
6755311
6755312
6755313
6755314
6755315
6755316
6755317
6755318
6755319
6755320
6755324
6755325
6755326
6755327
6755328
6755329
6755330
6755331
6755332
6755333
6755334
6755335
6755336
6755337
6755338
6755339
6755340
6755341
6755342
6755343
6755344
6755345
6755346
6755347
6755348
6755349
6755350
6755351
6755352
6755353
6755354
6755355
6755356
6755357
6755358
6755359
6755360
6755361
6755362
6755363
6755364
6755365
6755366
6755367
6755368
6755369
6755370
6755371
6755372
6755373
6755374
6755375
6755376
6755377
6755378
6755379
6755380
6755381
6755382
6755383
6755384
6755385
6755386
6755387
6755388
6755389
6755390
6755391
6755392
815186
810116
810118
810172
810173
809934
816879
2741940
382857
385902
390389
107329
359741
32728
6670484
6670486
6670487
6670488
6670489
6670490
6670491
6670473
6670474
6670475
6670476
6670477
6670479
6670480
6670481
6555511
6771672
6771673
6771674
6771675
6771676
6771677
6771678
6771679
6771680
6771681
6771682
6771683
6771684
6771685
6771686
6771687
6771688
6771689
6771690
6771691
6771692
6771693
6771694
6771695
6771696
6771697
6771698
6771699
6771700
6771701
6771702
6771703
6771704
6771705
6771706
6771707
6771708
6771709
6771710
6771711
6771712
6771713
6771714
6771715
6771716
6771717
6771718
6771719
6771720
6771721
6771722
6771723
6771724
6771725
6771726
6771727
6771728
6771729
6771730
6771731
6771732
6771733
6771734
6771735
6771736
6771737
6771738
6771739
6771740
6771741
6771742
6771743
6771744
6771745
6771746
6771747
6771748
6771749
6771750
6771751
6771752
6771753
6771754
6771755
6771756
6771757
6771758
6771759
6771760
6771761
6771762
6771763
6771764
6771765
6771766
6771767
6771768
6771769
6771770
6771771
6771772
6771773
6771774
6771775
6771776
6771777
6771778
6771779
6771780
6771781
6771782
6771783
6771784
6771785
6771786
6771787
6771788
6771789
6771790
6771791
6771792
6771793
6771794
6771795
6771796
6771797
6771798
6771799
6771800
6771801
6771802
6771803
6771804
6771805
6771806
6771807
6771808
6771809
6771810
6771811
6771812
6771813
6771814
6771815
6771816
6771817
6771818
6771819
6771820
6771821
6771822
6771823
6771824
6771825
6771826
6771827
6771828
6771829
6771830
6771831
6771832
6771833
6771834
6771835
6771836
6771837
6771838
6771839
6771840
6771841
6771842
6771843
6771844
6771845
6771846
6771847
6771848
6771849
6771850
6771851
6771852
6771853
6771854
6771855
6771856
6771857
6771858
6771859
6771860
6771861
6771862
6771863
6771864
6771865
6771866
6771867
6771868
6771869
6771870
6771871
6771872
6771873
6771874
6771875
6771876
6771877
6771878
6771879
6771880
6771881
6771882
6771883
6771884
6771885
6771886
6771887
6771888
6771889
6771890
6771891
6771892
6771893
6771894
6771895
6771896
6771897
6771898
6771899
6771900
6771901
6771902
6771903
6771904
6771905
6776682
16396774617
66773928
6773929
6773930
6773931
6773932
6773933
6773934
6773935
6773936
6773937
6773938
6773939
6773940
6773941
6773942
6773943
6773944
6773945
6773946
6773947
6773948
6773949
6773950
6773951
6773952
6773953
6773954
6773955
6773956
6773957
6773958
6773959
6773960
6773961
6773962
6773963
6773964
6773965
6773966
6773967
6773968
6773969
6773970
6773971
6773972
6773973
6773974
6773975
6773976
6773977
6773978
6773979
6773980
6773981
6773982
6773983
6773984
6773985
6773986
6773987
6773988
6773989
6773990
6773991
6773992
6773993
6773994
6773995
6773996
6773997
6773998
6773999
6774000
6774001
6774002
6774003
6774004
6774005
6774006
6774007
6774008
6774009
6774010
6774011
6774012
6774013
6774014
6774015
6774016
6774017
6774018
6774019
6774020
6774021
6774022
6774023
6774024
6774025
6774026
6774027
6774028
6774029
6774030
6774031
6774032
6774033
6774034
6774035
6774036
6774037
6774038
6774039
6774040
6774041
6774042
6774043
6774044
6774045
6774046
6774047
6774048
6774049
6774050
6774051
6774052
6774053
6774054
6774055
6774056
6774057
6774058
6774059
6774060
6774061
6774062
6774063
6774064
6774065
6774066
6774067
6774068
6774069
6774070
6774071
6774072
6774073
6774074
6774075
6774076
6774077
6774078
6774079
6774080
6774081
6774082
6774083
6774084
6774085
6774086
6774087
6774088
6774089
6774090
6774091
6774092
6774093
6774094
6774095
6774096
6774097
6774098
6774099
6774100
6774101
6774102
6774103
6774104
6774105
6774106
6774107
6774108
6774109
6774110
6774111
6774112
6774113
6774114
6774115
6774116
6774117
6774118
6774119
6774120
6774121
6774122
6774123
6774124
6774125
6774126
6774127
6774128
6774129
6774130
6774131
6774132
6774133
6774134
6774135
6774136
6774137
6774138
6774139
6774140
6774141
6774142
6774143
6774144
6774145
6774146
6774147
6774148
6774149
6774150
6774151
6774152
6774153
6774154
6774155
6774156
6774157
6774158
6774159
6774160
6774161
6774162
6774163
6774164
6774165
6774166
6774167
6774168
6774169
6774170
6774171
6774172
6774173
6774174
6774175
6774176
6774177
6774178
6774179
6774180
6774181
6774182
6774183
6774184
6774185
6774186
6774187
6774188
6774189
6774190
6774191
6774192
6774193
6774194
6774195
6774196
6774197
6774198
6774199
6774200
6774201
6774202
6774203
6774204
6774205
6774206
6774207
6774208
6774209
6774210
6774211
6774212
6774213
6774214
6774215
6774216
6774217
6774218
6774219
6774220
6774221
6774222
6774223
6774224
6774225
6774226
6774227
6774228
6774229
6774230
6774231
6774232
6774233
6774234
6774235
6774236
6774237
6774238
6774239
6774240
6774241
6774242
6774243
6774244
6774245
6774246
6774247
6774248
6774249
6774250
6774251
6774252
6774253
6774254
6774255
6774256
6774257
6774258
6774259
6774260
6774261
6774262
6774263
6774264
6774265
6774266
6774267
6774268
6774269
6774270
6774271
6774272
6774273
6774274
6774275
6774276
6774277
6774278
6774279
6774280
6774281
6774282
6774283
6774284
6774285
6774286
6774287
6774288
6774289
6774290
6774291
6774292
6774293
6774294
6774295
6774296
6774297
6774298
6774299
6774300
6774301
6774302
6774303
6774304
6774305
6774306
6774307
6774308
6774309
6774310
6774311
6774312
6774313
6774314
6774315
6774316
6774317
6774318
6774319
6774320
6774321
6774322
6774323
6774324
6774325
6774326
6774327
6774328
6774329
6774330
6774331
6774332
6774333
6774334
6774335
6774336
6774337
6774338
6774339
6774340
6774341
6774342
6774343
6774344
6774345
6774346
6774347
6774348
6774349
6774350
6774351
6774352
6774353
6774354
6774355
6774356
6774357
6774358
6774359
6774360
6774361
6774362
6774363
6774364
6774365
6774366
6774367
6774368
6774369
6774370
6774371
6774372
6774373
6774374
6774375
6774376
6774377
6774378
6774379
6774380
6774381
6774382
6774383
6774384
6774385
6774386
6774387
6774388
6774389
6774390
6774391
6774392
6774393
6774394
6774395
6774396
6666434
6666435
6666436
6666437
6666438
6666439
6666444
6666445
6666446
6666451
6666452
6666453
6743581
567198
570826
570827
567621
567623
566276
567199
567201
570830
570831
567625
567627
566281
566282
567204
567206
570834
566280
570835
567630
567632
137547
112928
512256
14423
19572
117132
81387
3557268
3553161
6633517
6644266
6776022
6574332
404267
408866
2794682
251906
30514
6562060
6562061
6562062
6562063
6562064
6562065
6562066
6562067
6562068
6562069
6562312
6562313
6562314
6562315
6562316
6562317
6562318
6562319
6562320
6562321
6562322
6562323
6562324
6562325
6562326
6562327
6562328
6562329
6562330
6738756
6738757
6738758
6738760
6691169
6691171
6691173
6691175
6691177
6691179
6691181
6691183
6691185
6691187
6691189
6691191
6691193
6691215
6691217
6691219
6691221
6691223
6691225
6691227
6691229
6691231
6691232
6691233
6691235
6691237
6691239
6691241
6691243
6691245
6691247
6691249
6691251
6691253
6691255
6691257
6691259
6691261
6691263
6691265
6691267
6691269
6691271
6691273
6691275
6691277
6691279
6691281
6691283
6691285
6691287
6691289
6691291
6691293
6691295
6691297
6691299
6691301
6691303
6691305
6691307
6691309
6691311
6691313
6691315
6691317
6691319
6691321
6691323
6691325
6691327
6691329
6691331
6691333
6691335
6691337
6691339
6691341
6691343
6691345
6691347
6691349
6691351
6691353
6691355
6691357
6691359
6691361
6691363
6691365
6691367
6691369
6691371
6691373
6691375
6691377
6691379
6691381
6691383
6691385
6691387
6691389
6691391
6691393
6691395
6691397
6691399
6691401
6691403
6691405
6691407
6691409
6691411
6691413
6691415
6691417
6691419
6691421
6691423
6691425
6691427
6691429
6691431
6691433
6691435
6691437
6691439
6691441
6691443
6691445
6691447
6691449
6691451
6691453
6691455
6691457
6691459
6691461
6691463
6691465
6691467
6691469
6691471
6691473
6691475
6691477
6691479
6691481
6691483
6691485
6691487
6691489
6691491
6691493
6691495
6691497
6691499
6691501
6691503
6691505
6691507
6691509
6691511
6691513
6691515
6691517
6691519
6691521
6691523
6691525
6691527
6691529
6691530
6691531
6691533
6691535
6691537
6691539
6691541
6691543
6691545
6691547
6691549
6691551
6691553
6691555
6691557
6691559
6691561
6691563
6691565
6691567
6691569
6691571
6691573
6691575
6691577
6691579
6691581
6691583
6691585
6691587
6691589
6691591
6691593
6691595
6691597
6691599
6691601
6691603
6691605
6691607
6691609
6691611
6691613
6691615
6691617
6691619
6691621
6691623
6691625
6691627
6691629
6691631
6691633
6691635
6691637
6691639
6691641
6691643
6691645
6691647
6691649
6691651
6691653
6691655
6691657
6691659
6691661
6691663
6691665
6691667
6691669
6691671
6691673
6691675
6691677
6691679
6691681
6691683
6691685
6691687
6691689
6691691
6691693
6691695
6691697
6691699
6691701
6691703
6782630
6740189
408563
407661
407659
408449
408451
411316
411317
408564
605630
600492
3495966
3495968
3498871
6740571
6740573
6740575
6740577
6740579
6740581
6740583
6740585
6740587
6740589
6740591
6740593
6740595
6740597
6740599
6740601
6740603
6740605
6740607
6740609
6740611
6740613
6740615
6740617
6740619
6740621
6740623
6740625
6740627
6740629
6740631
6130647
4773886
4773892
4773894
4773896
6741276
6742527
6729017
6729019
6729021
6729023
6729025
6729027
6729029
6729031
6729033
6729035
6729037
6729039
6729041
6729043
6729045
6729047
6729049
6729051
6729053
6729055
6729057
6729059
6729061
6729063
6729065
6729067
6729069
6729071
6729073
6729075
6729077
6729079
6729081
6729083
6729085
6729087
6729089
6729091
6729093
6729095
6729097
6729099
6729101
6729103
6729105
6729107
6729109
6729111
6729113
6729115
6729117
6729119
6729171
6729173
6729175
6729177
6729179
6575695
6566183
6738883
6738885
6738887
6738889
6738891
6742385
6742386
6742387
6742388
6742389
6742390
6742391
6742392
6742393
6742394
6673039
6673052
6636603
6740103
6639443
6735105
6702709
6702710
6702711
6702712
6702713
6702714
6702715
6702716
6651498
6651499
6651500
6651501
6651502
6651503
6651504
6651505
6651506
6651507
6651508
6651509
6651510
6651511
6651512
6651513
6651514
6651515
6651516
6651517
6651518
6651519
6651520
6651521
6651522
6651523
6651524
6651525
6651526
6553669
6666334
6666335
6666336
6666337
6666338
6666339
6666344
6666345
6666346
6666351
6648473
6648474
6648475
6648476
6648477
6648478
6648479
6648480
6648481
6648482
6648483
6648484
6648485
6648486
6561181
6561182
6561183
6561184
6561185
6561186
6561187
6561189
6561191
6561192
6561194
6729343
6729349
6436477
6436479
6436481
6436482
6436483
6436484
64
6772919
6
6692885
6692887
6692889
6692891
6692893
6692895
6692897
6692899
6692901
6692903
6692905
6692907
6692909
6692911
6692913
6692915
6692917
6692919
6692921
6692923
6692925
6692927
6692929
6692931
6692933
6692935
6692937
6692939
6692941
6692943
6692945
6692947
6692949
6692951
6692953
6692955
6692957
6692959
6692961
6692963
6692965
6692967
6692969
6692971
6692973
6692975
6692977
6692979
6692981
6692983
6692985
6692987
6692989
6692991
6692993
6692995
6692997
6692999
6693001
6693003
6693005
6693007
6693009
6693011
6693013
6693015
6693017
6693019
6693021
6693023
6693025
6693027
6693029
6693031
6693033
6693035
6693037
6693039
6693041
6693043
6693045
6693047
6693049
6693051
6693053
6693055
6693057
6693059
6693061
6693063
6693065
6693067
6693069
6693071
6693073
6693075
6693077
6693079
6693081
6693083
6693085
6693087
6693089
6693091
6693093
6693095
6693097
6693099
6693101
6693103
6693105
6693107
6693109
6693111
6693113
6693115
6693117
6693119
6693121
6693123
6693125
6693127
6693129
6693131
6693133
6693135
6693137
6693139
6693141
6693143
6693145
6693147
6693149
6693151
6693153
6693155
6693157
6693159
6693161
6693163
6693165
6693167
6693169
6693171
6693172
6693173
6693175
6693177
6693179
6693181
6693183
6693185
6693187
6693189
6693191
6693193
6693195
6693197
6693199
6693201
6693203
6693205
6693207
6693209
6693211
6693213
6693215
6693217
6693219
6693221
6693223
6693225
6693227
6693229
6693231
6693233
6693235
6693237
6693239
6693241
6693243
6693245
6693247
6693249
6693251
6693253
6693255
6693257
6693259
6693261
6693263
6693265
6693267
6693269
6693273
6693275
6693279
6693281
6693283
6693285
6693287
6693289
6693291
6693293
6693295
6693297
6693299
6693301
6693303
6693305
6693307
6693309
6693311
6693313
6693315
6693317
6693319
6693321
6693323
6693325
6693327
6693329
6693331
6693333
6693335
6693337
6693339
6693341
6693343
6693345
6693347
6693349
6693351
6693353
6693355
6693357
6693359
6693361
6693363
6693365
6693367
6693369
6693371
6693373
6693375
6693377
6693379
6693381
6693383
6693385
6693387
6693389
6693391
6693393
6693395
6693397
6693399
6693401
6693403
6693405
6693407
6693409
6693411
6693413
6693415
6693417
6693419
6753358
6753359
6753360
6753361
6753362
6753363
6753364
6753365
6753366
6753367
6753368
6753369
6753370
6753371
6753372
6753373
6753374
6753375
6753376
6753377
6753378
6753379
6753380
6753381
6753382
6753383
6753384
6753385
6753386
6753387
6753388
6753389
6753390
6753391
6753392
6753393
6753394
6753395
6753396
6753397
6753398
6753399
6753400
6753401
6753402
6753403
6753404
6753405
6753406
6753407
6753408
6753409
6753410
6753411
6753412
6753413
6753414
6753415
6753416
6753417
6753433
6753434
6753435
6753436
6753437
6753438
6753439
6753440
6753441
6753442
6753443
6753444
6753445
6753446
6753447
6753448
6753449
6753450
6753451
6753452
6753453
6753454
6753455
6753456
6753457
6753458
6753459
6753460
6753461
6753462
6753463
6753464
6753465
6753466
6753467
6753468
6753469
6753470
6753471
6753472
6753473
6753474
6753475
6753476
6753478
6753479
6753480
6753481
6753482
6753483
6753484
6753485
6753486
6753487
6753488
6753489
6753490
6753491
6753492
6753493
6753494
6753495
6753496
6753497
6753498
6753499
6753500
6753501
6753502
6753503
6753504
6753505
6753506
6753507
6753508
6753509
6753510
6753511
6753520
6753521
6753522
6753523
6753524
6753525
6753526
6753527
6753529
6753530
6753531
6753532
6753533
6753534
6753535
6753536
6753537
6753538
6753539
6753540
6753541
6753542
6753543
6753544
6753545
6753546
6753547
6753548
6753552
6753555
6753556
6753558
6753559
6753561
6753562
6753563
6753564
6753565
6753568
6753569
6753570
6753571
6753572
6753573
6753574
6753575
6753576
6753577
6753578
6753580
6753584
6753585
6753586
6753587
6753588
6753589
6753590
6753591
6753592
6753596
6753598
6753599
6753600
6753601
6753602
6753603
6753604
6753605
6753606
6753607
6753608
6753609
6753610
6753611
6753612
6753613
6753614
6753615
6753616
6753617
6753618
6753619
6753620
6753621
6753622
6753623
6753624
6753625
6753626
6753627
6753628
6753629
6753630
6753631
6753632
6753633
6753634
6753635
6753636
6753637
6753638
6753639
6753640
6753641
6753642
6753643
6753662
6753663
6753664
6753665
6753666
6753667
6753846
6753847
6753848
6753849
6753850
6753854
6753855
6753856
6753857
6753858
6753859
6753860
6753861
6753862
6753863
6753864
6753865
6753866
6753867
6753869
6753871
6753872
6753874
6753876
6753877
6753878
6753879
6753880
6753881
6753882
6753883
6753884
6753885
6753886
6753887
6753888
6753889
6753890
6753891
6753892
6753895
6753896
6753897
6753898
6753899
6753900
6753901
6753902
6753906
6753909
6753910
6753912
6753913
6753914
6753915
6753920
6753921
6753923
6753927
6753928
6753930
6753931
6753932
6753933
6753934
6753936
6753937
6753941
6753948
6753951
6753954
6754000
6754001
6754007
6754017
6754019
6754021
6754024
6754138
6754139
6754141
6754142
14396
356698
1785479
1785477
6781059
